334
638
948
1241
1528
1863
2146
2427
2762
3055
3316
3658
3998
4334
4608
4916
5199
5488
5751
6078
6350
6675
6930
7191
7489
7831
8163
8476
8782
9135
9396
9681
9947
10274
10544
10884
11254
11603
11877
12206
12527
12818
13125
13374
13669
13964
14240
14507
14747
15006
15308
15618
15923
16206
16463
16737
17011
17313
17664
17947
18238
18544
18776
19031
19290
19571
19901
20209
20499
20793
21073
21360
21685
21980
22246
22603
22860
23191
23469
23820
24107
24351
24625
24918
25203
25466
25761
26035
26305
26601
26871
27188
27460
27723
28134
28380
28639
28905
29205
29481
29742
30030
30366
30647
30919
31178
31508
31725
32018
32360
32634
32906
33214
33486
33807
34043
34328
34668
34955
35242
35540
35818
36138
36393
36691
36978
37256
37579
37915
38240
38521
38819
39110
39386
39656
39958
40309
40592
40905
41258
